$ANSIBLE_VAULT;1.1;AES256
38323730633065396631663761356164356166333735343232613763393765303961616462376332
3462336431646262653037613066356435616337623762660a646565373465643436343365333234
38653935356239316562326434393865366132396132666136376365323761346238616639666466
6131356233306533340a376135336438643961636338353266396334373337616130333633373038
32663239316165376265366364663534303134383134373333613961383835346439363566313936
32653539653234393431303433383561623033393665376433616537363562396135306433303739
31666133383739656661316661363735656330623839353938643262623132336139616366336330
32363833333234636463303630663635613763393561323337366662373163633263306665363035
36623363376232616239393066336135333864653133363139333061393331633165343139613862
66653831336337623064313139373531643563386261333536353437353430613661633363616563
35636263353739313266613434623938646531356330393931306664663161653833303333333838
33626235303133306163363363653861613830386464306436303061366138346432316333613031
65393633336462616136393737333262323039356137646335633035653561366330333033303334
63326334363936646632666132653435373531343334383033333164623363326535653838653263
33356266353233656330396534626230306530646163313038336139366432333439386366356531
63386139643637326162633162653930363939666632613863666661393366313331313866386164
66316136636338316236643534356433653231666537646136636331366135623830383765373339
34363761376636393938383336636238363764646535323437636533313663336666623434363634
36633134643965326362656537663334613136636163393436383762383764376431313566353930
34393265333761303634383362313062353234323232626663383137306630646534633666303233
64396637653661653730653162303537343566656430336636626665343062666535353639326139
66636634386665353136363934376533303237333063376438653566353834353333643338316636
32626135663737656536333136373261343362333534396566313739316233353562396463626234
32636434613034633830663036346462633436666162643334383639666466373965346330633838
32356164666139653133343830373833326337356137623238383733303639653966303361373034
65653464613434373162646135653830333039396262356465393331616136633263343235346132
35323435313538656539393864633137326436336433393163383763303630396230306538646433
62356239323662386330
